20150809 091535 -9999.00 67 6.45 0
20150809 091735 6.45 67 6.45 0
20150809 091935 6.45 67 6.45 0
20150809 092135 6.55 68 6.55 0
20150809 092335 6.55 68 6.55 0
20150809 092535 6.55 68 6.55 0
20150809 092735 6.55 68 6.55 0
20150809 092935 6.45 67 6.45 0
20150809 093135 6.45 67 6.45 0
20150809 093335 6.45 67 6.45 0
20150809 093535 6.45 67 6.45 0
20150809 093735 6.45 67 6.45 0
20150809 093935 6.45 67 6.45 0
20150809 094135 6.45 67 6.45 0
20150809 094335 6.45 67 6.45 0
20150809 094536 6.55 68 6.55 0
20150809 094736 6.55 68 6.55 0
20150809 094936 6.55 68 6.55 0
20150809 095136 6.55 68 6.55 0
20150809 095336 6.55 68 6.55 0
20150809 095536 6.55 68 6.55 0
20150809 095737 6.45 68 6.55 0
20150809 095937 6.45 67 6.45 0
20150809 100137 6.45 67 6.45 0
20150809 100338 6.45 67 6.45 0
20150809 100538 6.45 67 6.45 0
20150809 100738 6.45 67 6.45 0
20150809 100938 6.45 67 6.45 0
20150809 101138 6.45 67 6.45 0
20150809 101338 6.55 68 6.55 0
20150809 101538 6.55 68 6.55 0
20150809 101738 6.55 68 6.55 0
20150809 101938 6.55 68 6.55 0
20150809 102138 6.55 68 6.55 0
20150809 102338 6.55 68 6.55 0
20150809 102538 6.55 68 6.55 0
20150809 102738 6.45 67 6.45 0
20150809 102938 6.45 67 6.45 0
20150809 103138 6.45 67 6.45 0
20150809 103338 6.45 67 6.45 0
20150809 103538 6.45 67 6.45 0
20150809 103738 6.45 67 6.45 0
20150809 103938 6.45 67 6.45 0
20150809 104138 6.45 67 6.45 0
20150809 104338 6.55 68 6.55 0
20150809 104538 6.55 68 6.55 0
20150809 104738 6.55 68 6.55 0
20150809 104938 6.55 68 6.55 0
20150809 105138 6.55 68 6.55 0
20150809 105338 6.45 67 6.45 0
20150809 105538 6.45 67 6.45 0
20150809 105738 6.45 67 6.45 0
20150809 105938 6.45 67 6.45 0
20150809 110138 6.45 67 6.45 0
20150809 110338 6.45 67 6.45 0
20150809 110538 6.45 67 6.45 0
20150809 110738 6.45 67 6.45 0
20150809 110938 6.55 68 6.55 0
20150809 111138 6.55 68 6.55 0
20150809 111338 6.55 68 6.55 0
20150809 111538 6.55 68 6.55 0
20150809 111738 6.55 68 6.55 0
20150809 111938 6.45 67 6.45 0
20150809 112138 6.45 67 6.45 0
20150809 112338 6.45 67 6.45 0
20150809 112538 6.45 67 6.45 0
20150809 112738 6.45 67 6.45 0
20150809 112938 6.45 67 6.45 0
20150809 113138 6.45 67 6.45 0
20150809 113338 6.45 67 6.45 0
20150809 113538 6.45 67 6.45 0
20150809 113738 6.45 68 6.55 0
20150809 113938 6.55 68 6.55 0
20150809 114138 6.55 68 6.55 0
20150809 114338 6.55 67 6.45 0
20150809 114538 6.55 68 6.55 0
20150809 114738 6.55 68 6.55 0
20150809 114938 6.45 67 6.45 0
20150809 115138 6.45 67 6.45 0
20150809 115338 6.45 67 6.45 0
20150809 115538 6.45 67 6.45 0
20150809 115738 6.45 67 6.45 0
20150809 115938 6.45 67 6.45 0
20150809 120138 6.45 67 6.45 0
20150809 120338 6.45 67 6.45 0
20150809 120538 6.55 67 6.45 0
20150809 120738 6.45 68 6.55 0
20150809 120938 6.45 68 6.55 0
20150809 121138 6.55 68 6.55 0
20150809 121338 6.55 68 6.55 0
20150809 121538 6.55 68 6.55 0
20150809 121738 6.45 67 6.45 0
20150809 121938 6.45 67 6.45 0
20150809 122138 6.45 67 6.45 0
20150809 122338 6.45 67 6.45 0
20150809 122538 6.45 67 6.45 0
20150809 122738 6.45 67 6.45 0
20150809 122938 6.45 67 6.45 0
20150809 123138 6.45 67 6.45 0
20150809 123338 6.45 67 6.45 0
20150809 123538 6.55 68 6.55 0
20150809 123738 6.55 68 6.55 0
20150809 123938 6.55 68 6.55 0
20150809 124138 6.55 68 6.55 0
20150809 124338 6.55 68 6.55 0
20150809 124538 6.45 67 6.45 0
20150809 124738 6.45 67 6.45 0
20150809 124938 6.45 67 6.45 0
20150809 125138 6.45 67 6.45 0
20150809 125338 6.45 67 6.45 0
20150809 125538 6.45 67 6.45 0
20150809 125738 6.45 67 6.45 0
20150809 125938 6.45 67 6.45 0
20150809 130138 6.55 68 6.55 0
20150809 130338 6.55 68 6.55 0
20150809 130538 6.55 68 6.55 0
20150809 130738 6.55 68 6.55 0
20150809 130938 6.55 68 6.55 0
20150809 131138 6.55 68 6.55 0
20150809 131338 6.45 67 6.45 0
20150809 131538 6.45 67 6.45 0
20150809 131738 6.55 67 6.45 0
20150809 131938 6.45 67 6.45 0
20150809 132138 6.45 67 6.45 0
20150809 132338 6.45 67 6.45 0
20150809 132538 6.45 67 6.45 0
20150809 132738 6.45 67 6.45 0
20150809 132938 6.55 68 6.55 0
20150809 133138 6.55 68 6.55 0
20150809 133338 6.45 68 6.55 0
20150809 133538 6.55 68 6.55 0
20150809 133738 6.55 68 6.55 0
20150809 133938 6.55 68 6.55 0
20150809 134138 6.45 67 6.45 0
20150809 134338 6.45 67 6.45 0
20150809 134539 6.45 67 6.45 0
20150809 134739 6.45 67 6.45 0
20150809 134939 6.45 67 6.45 0
20150809 135140 6.45 67 6.45 0
20150809 135340 6.45 67 6.45 0
20150809 135540 6.45 67 6.45 0
20150809 135741 6.55 68 6.55 0
20150809 135941 6.45 68 6.55 0
20150809 140141 6.55 68 6.55 0
20150809 140342 6.55 68 6.55 0
20150809 140542 6.55 68 6.55 0
20150809 140742 6.55 68 6.55 0
20150809 140942 6.45 67 6.45 0
20150809 141142 6.45 67 6.45 0
20150809 141342 6.45 67 6.45 0
20150809 141542 6.45 67 6.45 0
20150809 141742 6.45 67 6.45 0
20150809 141943 6.45 67 6.45 0
20150809 142143 6.45 67 6.45 0
20150809 142343 6.45 67 6.45 0
20150809 142543 6.55 68 6.55 0
20150809 142743 6.55 68 6.55 0
20150809 142943 6.55 68 6.55 0
20150809 143143 6.55 68 6.55 0
20150809 143343 6.45 68 6.55 0
20150809 143543 6.55 68 6.55 0
20150809 143743 6.45 67 6.45 0
20150809 143943 6.45 67 6.45 0
20150809 144143 6.45 67 6.45 0
20150809 144344 6.45 67 6.45 0
20150809 144544 6.45 67 6.45 0
20150809 144744 6.45 67 6.45 0
20150809 144944 6.45 67 6.45 0
20150809 145144 6.45 67 6.45 0
20150809 145344 6.55 67 6.45 0
20150809 145545 6.55 68 6.55 0
20150809 145745 6.55 68 6.55 0
20150809 145945 6.55 68 6.55 0
20150809 150145 6.55 68 6.55 0
20150809 150345 6.55 68 6.55 0
20150809 150545 6.45 67 6.45 0
20150809 150745 6.45 67 6.45 0
20150809 150945 6.45 67 6.45 0
20150809 151145 6.45 67 6.45 0
20150809 151345 6.45 67 6.45 0
20150809 151545 6.45 67 6.45 0
20150809 151745 6.45 67 6.45 0
20150809 151945 6.45 67 6.45 0
20150809 152145 6.55 68 6.55 0
20150809 152345 6.55 68 6.55 0
20150809 152545 6.55 68 6.55 0
20150809 152745 6.55 68 6.55 0
20150809 152945 6.55 68 6.55 0
20150809 153145 6.55 68 6.55 0
20150809 153345 6.55 68 6.55 0
20150809 153545 6.45 67 6.45 0
20150809 153745 6.45 67 6.45 0
20150809 153945 6.45 67 6.45 0
20150809 154145 6.45 67 6.45 0
20150809 154345 6.45 67 6.45 0
20150809 154546 6.45 67 6.45 0
20150809 154746 6.55 68 6.55 0
20150809 154946 6.55 68 6.55 0
20150809 155146 6.55 68 6.55 0
20150809 155346 6.55 68 6.55 0
20150809 155546 6.55 68 6.55 0
20150809 155747 6.55 68 6.55 0
20150809 155947 6.55 68 6.55 0
20150809 160147 6.55 68 6.55 0
20150809 160348 6.45 67 6.45 0
20150809 160548 6.45 67 6.45 0
20150809 160748 6.45 67 6.45 0
20150809 160948 6.45 67 6.45 0
20150809 161148 6.45 67 6.45 0
20150809 161348 6.45 67 6.45 0
20150809 161548 6.55 68 6.55 0
20150809 161748 6.55 68 6.55 0
20150809 161948 6.55 68 6.55 0
20150809 162148 6.55 68 6.55 0
20150809 162348 6.55 68 6.55 0
20150809 162548 6.55 68 6.55 0
20150809 162748 6.55 68 6.55 0
20150809 162948 6.55 68 6.55 0
20150809 163148 6.45 67 6.45 0
20150809 163348 6.45 67 6.45 0
20150809 163548 6.45 67 6.45 0
20150809 163748 6.45 67 6.45 0
20150809 163948 6.45 67 6.45 0
20150809 164148 6.45 67 6.45 0
20150809 164348 6.55 68 6.55 0
20150809 164548 6.55 67 6.45 0
20150809 164748 6.55 68 6.55 0
20150809 164948 6.55 68 6.55 0
20150809 165148 6.55 68 6.55 0
20150809 165348 6.55 68 6.55 0
20150809 165548 6.55 68 6.55 0
20150809 165748 6.45 67 6.45 0
20150809 165948 6.45 67 6.45 0
20150809 170148 6.45 67 6.45 0
20150809 170348 6.45 67 6.45 0
20150809 170548 6.45 67 6.45 0
20150809 170748 6.45 67 6.45 0
20150809 170948 6.45 67 6.45 0
20150809 171148 6.55 68 6.55 0
20150809 171348 6.55 68 6.55 0
20150809 171548 6.55 68 6.55 0
20150809 171748 6.55 68 6.55 0
20150809 171948 6.55 68 6.55 0
20150809 172148 6.55 68 6.55 0
20150809 172348 6.55 68 6.55 0
20150809 172548 6.45 67 6.45 0
20150809 172748 6.45 67 6.45 0
20150809 172948 6.45 67 6.45 0
20150809 173148 6.45 67 6.45 0
20150809 173348 6.45 67 6.45 0
20150809 173548 6.45 67 6.45 0
20150809 173748 6.45 67 6.45 0
20150809 173948 6.55 68 6.55 0
20150809 174148 6.55 68 6.55 0
20150809 174348 6.55 68 6.55 0
20150809 174548 6.55 68 6.55 0
20150809 174748 6.55 68 6.55 0
20150809 174948 6.55 68 6.55 0
20150809 175148 6.55 68 6.55 0
20150809 175348 6.55 68 6.55 0
20150809 175548 6.45 67 6.45 0
20150809 175748 6.45 67 6.45 0
20150809 175948 6.45 67 6.45 0
20150809 180148 6.45 67 6.45 0
20150809 180348 6.45 67 6.45 0
20150809 180548 6.45 67 6.45 0
20150809 180748 6.55 68 6.55 0
20150809 180948 6.55 68 6.55 0
20150809 181148 6.55 68 6.55 0
20150809 181349 6.55 68 6.55 0
20150809 181549 6.55 68 6.55 0
20150809 181749 6.55 68 6.55 0
20150809 181949 6.55 68 6.55 0
20150809 182149 6.55 68 6.55 0
20150809 182349 6.45 67 6.45 0
20150809 182549 6.45 67 6.45 0
20150809 182749 6.45 67 6.45 0
20150809 182949 6.45 67 6.45 0
20150809 183149 6.45 67 6.45 0
20150809 183349 6.45 67 6.45 0
20150809 183549 6.45 67 6.45 0
20150809 183749 6.55 68 6.55 0
20150809 183949 6.55 68 6.55 0
20150809 184149 6.55 68 6.55 0
20150809 184350 6.55 68 6.55 0
20150809 184550 6.55 68 6.55 0
20150809 184750 6.55 68 6.55 0
20150809 184951 6.55 68 6.55 0
20150809 185151 6.45 67 6.45 0
20150809 185351 6.45 67 6.45 0
20150809 185551 6.45 67 6.45 0
20150809 185751 6.45 67 6.45 0
20150809 185951 6.45 67 6.45 0
20150809 190152 6.45 67 6.45 0
20150809 190352 6.55 67 6.45 0
20150809 190552 6.55 68 6.55 0
20150809 190752 6.55 68 6.55 0
20150809 190952 6.55 68 6.55 0
20150809 191152 6.55 68 6.55 0
20150809 191352 6.55 68 6.55 0
20150809 191552 6.55 68 6.55 0
20150809 191752 6.45 67 6.45 0
20150809 191952 6.45 67 6.45 0
20150809 192152 6.45 67 6.45 0
20150809 192352 6.45 67 6.45 0
20150809 192553 6.45 67 6.45 0
20150809 192753 6.45 67 6.45 0
20150809 192953 6.45 67 6.45 0
20150809 193153 6.45 67 6.45 0
20150809 193353 6.55 68 6.55 0
20150809 193553 6.55 68 6.55 0
20150809 193753 6.55 68 6.55 0
20150809 193953 6.55 68 6.55 0
20150809 194153 6.55 68 6.55 0
20150809 194353 6.55 68 6.55 0
20150809 194553 6.45 67 6.45 0
20150809 194753 6.45 67 6.45 0
20150809 194953 6.45 67 6.45 0
20150809 195153 6.45 67 6.45 0
20150809 195353 6.45 67 6.45 0
20150809 195553 6.45 67 6.45 0
20150809 195753 6.55 68 6.55 0
20150809 195954 6.55 68 6.55 0
20150809 200154 6.55 68 6.55 0
20150809 200354 6.55 67 6.45 0
20150809 200554 6.55 68 6.55 0
20150809 200754 6.55 68 6.55 0
20150809 200954 6.55 68 6.55 0
20150809 201154 6.55 68 6.55 0
20150809 201354 6.55 68 6.55 0
20150809 201555 6.45 67 6.45 0
20150809 201755 6.45 67 6.45 0
20150809 201955 6.45 67 6.45 0
20150809 202156 6.45 67 6.45 0
20150809 202356 6.45 67 6.45 0
20150809 202556 6.55 68 6.55 0
20150809 202756 6.55 68 6.55 0
20150809 202956 6.55 68 6.55 0
20150809 203156 6.55 68 6.55 0
20150809 203356 6.45 68 6.55 0
20150809 203556 6.55 67 6.45 0
20150809 203756 6.55 68 6.55 0
20150809 203956 6.55 68 6.55 0
20150809 204157 6.55 68 6.55 0
20150809 204357 6.55 67 6.45 0
20150809 204557 6.45 67 6.45 0
20150809 204757 6.45 67 6.45 0
20150809 204957 6.45 67 6.45 0
20150809 205157 6.45 67 6.45 0
20150809 205357 6.45 67 6.45 0
20150809 205557 6.55 68 6.55 0
20150809 205757 6.55 67 6.45 0
20150809 205958 6.55 68 6.55 0
20150809 210158 6.45 68 6.55 0
20150809 210358 6.55 68 6.55 0
20150809 210558 6.55 68 6.55 0
20150809 210758 6.55 68 6.55 0
20150809 210958 6.55 68 6.55 0
20150809 211158 6.55 68 6.55 0
20150809 211358 6.45 67 6.45 0
20150809 211558 6.45 67 6.45 0
20150809 211758 6.45 67 6.45 0
20150809 211958 6.45 67 6.45 0
20150809 212158 6.45 67 6.45 0
20150809 212358 6.45 67 6.45 0
20150809 212558 6.45 67 6.45 0
20150809 212758 6.45 67 6.45 0
20150809 212958 6.55 68 6.55 0
20150809 213158 6.55 68 6.55 0
20150809 213358 6.55 68 6.55 0
20150809 213558 6.55 68 6.55 0
20150809 213758 6.55 68 6.55 0
20150809 213958 6.55 68 6.55 0
20150809 214158 6.45 67 6.45 0
20150809 214358 6.45 67 6.45 0
20150809 214558 6.45 67 6.45 0
20150809 214758 6.45 67 6.45 0
20150809 214958 6.45 67 6.45 0
20150809 215158 6.45 67 6.45 0
20150809 215358 6.45 67 6.45 0
20150809 215558 6.45 67 6.45 0
20150809 215758 6.55 68 6.55 0
20150809 215958 6.55 68 6.55 0
20150809 220158 6.55 68 6.55 0
20150809 220358 6.45 68 6.55 0
20150809 220558 6.45 67 6.45 0
20150809 220758 6.45 67 6.45 0
20150809 220958 6.45 67 6.45 0
20150809 221158 6.45 67 6.45 0
20150809 221358 6.45 67 6.45 0
20150809 221558 6.45 67 6.45 0
20150809 221758 6.45 67 6.45 0
20150809 221958 6.45 67 6.45 0
20150809 222158 6.45 67 6.45 0
20150809 222358 6.45 67 6.45 0
20150809 222558 6.45 67 6.45 0
20150809 222758 6.45 67 6.45 0
20150809 222958 6.45 67 6.45 0
20150809 223158 6.45 67 6.45 0
20150809 223358 6.45 67 6.45 0
20150809 223558 6.45 67 6.45 0
20150809 223758 6.45 67 6.45 0
20150809 223958 6.45 67 6.45 0
20150809 224158 6.45 67 6.45 0
20150809 224358 6.45 67 6.45 0
20150809 224558 6.45 67 6.45 0
20150809 224758 6.45 67 6.45 0
20150809 224958 6.45 67 6.45 0
20150809 225158 6.45 67 6.45 0
20150809 225358 6.45 67 6.45 0
20150809 225558 6.45 67 6.45 0
20150809 225759 6.45 67 6.45 0
20150809 225959 6.45 67 6.45 0
20150809 230159 6.45 67 6.45 0
20150809 230400 6.45 67 6.45 0
20150809 230600 6.45 67 6.45 0
20150809 230800 6.45 67 6.45 0
20150809 231000 6.45 67 6.45 0
20150809 231200 6.45 67 6.45 0
20150809 231400 6.45 67 6.45 0
20150809 231600 6.45 67 6.45 0
20150809 231800 6.45 67 6.45 0
20150809 232000 6.45 67 6.45 0
20150809 232200 6.45 67 6.45 0
20150809 232400 6.45 67 6.45 0
20150812 074249 -9999.00 0 -0.10 0
20150812 074449 -0.10 0 -0.10 0
20150812 084418 -0.10 0 -0.10 0
20150812 084618 -0.10 0 -0.10 0
20150812 084818 -0.10 0 -0.10 0
20150812 085018 -0.10 0 -0.10 0
20150812 085218 -0.10 0 -0.10 0
20150812 090018 -0.10 0 -0.10 0
20150812 090219 -0.10 0 -0.10 0
20150812 090419 -0.10 0 -0.10 0
20150812 090619 -0.10 0 -0.10 0
